Polynomial file name:     RAW_POLYNOMES

matching polynomials:     199732
not-matching polynomials: 171


S on the real line

m 	in S 		E[Sm] 			in L 		E[Lm] 			um 			em
1 	11083 		0.055489355737 		253616 		1.269781507220 		0.003919078726 		1.083047154993 
2 	7484 		0.037470210082 		339828 		1.701419902670 		0.001661542874 		1.100970271786 
4 	4124 		0.020647667875 		476756 		2.386978551259 		0.000460451109 		1.110720624726 
8 	1825 		0.009137243907 		643106 		3.219844591753 		0.000080496115 		1.106904167897 
16 	588 		0.002943944886 		788472 		3.947649850800 		0.000009401315 		1.112333458217 
32 	171 		0.000856147237 		884356 		4.427713135602 		0.000000828331 		1.103937113995 
64 	50 		0.000250335450 		939261 		4.702606492700 		0.000000061959 		1.084692496553 
128 	5 		0.000025033545 		967833 		4.845658181964 		0.000000004241 		1.167349892175 
256 	4 		0.000020026836 		982893 		4.921059219354 		0.000000000278 		1.051944349919 
512 	0 		0.000000000000 		990649 		4.959891254281 		0.000000000018 		inf 
1024 	0 		0.000000000000 		994589 		4.979617687702 		0.000000000001 		inf 



S on the imaginary line

m 	in S 		E[Sm] 			in L 		E[Lm] 			um 			em
1 	1160 		0.005807782428 		253616 		1.269781507220 		0.003919078726 		1.863912935151 
2 	721 		0.003609837182 		339828 		1.701419902670 		0.001661542874 		1.776117950586 
4 	249 		0.001246670539 		476756 		2.386978551259 		0.000460451109 		1.767102458274 
8 	43 		0.000215288487 		643106 		3.219844591753 		0.000080496115 		1.814324069541 
16 	6 		0.000030040254 		788472 		3.947649850800 		0.000009401315 		1.820557877461 
32 	0 		0.000000000000 		884356 		4.427713135602 		0.000000828331 		inf 
64 	0 		0.000000000000 		939261 		4.702606492700 		0.000000061959 		inf 
128 	0 		0.000000000000 		967833 		4.845658181964 		0.000000004241 		inf 
256 	0 		0.000000000000 		982893 		4.921059219354 		0.000000000278 		inf 
512 	0 		0.000000000000 		990649 		4.959891254281 		0.000000000018 		inf 
1024 	0 		0.000000000000 		994589 		4.979617687702 		0.000000000001 		inf 



S on the line at 45 degrees

m 	in S 		E[Sm] 			in L 		E[Lm] 			um 			em
1 	1187 		0.005942963571 		253616 		1.269781507220 		0.003919078726 		1.855952329237 
2 	688 		0.003444615785 		339828 		1.701419902670 		0.001661542874 		1.789636089494 
4 	231 		0.001156549777 		476756 		2.386978551259 		0.000460451109 		1.784647710547 
8 	43 		0.000215288487 		643106 		3.219844591753 		0.000080496115 		1.814324069541 
16 	2 		0.000010013418 		788472 		3.947649850800 		0.000009401315 		1.990256801986 
32 	1 		0.000005006709 		884356 		4.427713135602 		0.000000828331 		1.767731462668 
64 	0 		0.000000000000 		939261 		4.702606492700 		0.000000061959 		inf 
128 	0 		0.000000000000 		967833 		4.845658181964 		0.000000004241 		inf 
256 	0 		0.000000000000 		982893 		4.921059219354 		0.000000000278 		inf 
512 	0 		0.000000000000 		990649 		4.959891254281 		0.000000000018 		inf 
1024 	0 		0.000000000000 		994589 		4.979617687702 		0.000000000001 		inf 


h	in H area 		(note the default size is 1/4, the size is than 0.25/h
1	20568
2	4450
4	1060
8	263
16	63
32	17
64	5
128	1
256	0
512	0
1024	0
