Polynomial file name:     RAW_POLYNOMES

matching polynomials:     199642
not-matching polynomials: 170


S on the real line

m 	in S 		E[Sm] 			in L 		E[Lm] 			um 			em
1 	10864 		0.054417407159 		243745 		1.220910429669 		0.003768242067 		1.076217278118 
2 	7639 		0.038263491650 		330640 		1.656164534517 		0.001617348178 		1.087146733426 
4 	4355 		0.021814047144 		469793 		2.353177187165 		0.000453930785 		1.094536592660 
8 	1912 		0.009577143086 		637382 		3.192624798389 		0.000079815620 		1.096427213649 
16 	661 		0.003310926559 		783394 		3.923993949169 		0.000009344979 		1.093258680657 
32 	169 		0.000846515262 		880836 		4.412077618938 		0.000000825406 		1.104941081704 
64 	36 		0.000180322778 		936195 		4.689368970457 		0.000000061784 		1.120541051278 
128 	3 		0.000015026898 		965418 		4.835745985314 		0.000000004233 		1.216095261108 
256 	0 		0.000000000000 		979667 		4.907118742549 		0.000000000277 		inf 
512 	0 		0.000000000000 		986645 		4.942071307641 		0.000000000018 		inf 
1024 	0 		0.000000000000 		990159 		4.959672814338 		0.000000000001 		inf 



S on the imaginary line

m 	in S 		E[Sm] 			in L 		E[Lm] 			um 			em
1 	1208 		0.006050830987 		243745 		1.220910429669 		0.003768242067 		1.836150136340 
2 	688 		0.003446168642 		330640 		1.656164534517 		0.001617348178 		1.781727397712 
4 	239 		0.001197142886 		469793 		2.353177187165 		0.000453930785 		1.773246657130 
8 	46 		0.000230412438 		637382 		3.192624798389 		0.000079815620 		1.799907854626 
16 	6 		0.000030053796 		783394 		3.923993949169 		0.000009344979 		1.819559848094 
32 	0 		0.000000000000 		880836 		4.412077618938 		0.000000825406 		inf 
64 	0 		0.000000000000 		936195 		4.689368970457 		0.000000061784 		inf 
128 	0 		0.000000000000 		965418 		4.835745985314 		0.000000004233 		inf 
256 	0 		0.000000000000 		979667 		4.907118742549 		0.000000000277 		inf 
512 	0 		0.000000000000 		986645 		4.942071307641 		0.000000000018 		inf 
1024 	0 		0.000000000000 		990159 		4.959672814338 		0.000000000001 		inf 



S on the line at 45 degrees

m 	in S 		E[Sm] 			in L 		E[Lm] 			um 			em
1 	1169 		0.005855481312 		243745 		1.220910429669 		0.003768242067 		1.847504183422 
2 	623 		0.003120585849 		330640 		1.656164534517 		0.001617348178 		1.810362678048 
4 	250 		0.001252241512 		469793 		2.353177187165 		0.000453930785 		1.762725058137 
8 	38 		0.000190340710 		637382 		3.192624798389 		0.000079815620 		1.835967460638 
16 	8 		0.000040071728 		783394 		3.923993949169 		0.000009344979 		1.775122571355 
32 	0 		0.000000000000 		880836 		4.412077618938 		0.000000825406 		inf 
64 	0 		0.000000000000 		936195 		4.689368970457 		0.000000061784 		inf 
128 	0 		0.000000000000 		965418 		4.835745985314 		0.000000004233 		inf 
256 	0 		0.000000000000 		979667 		4.907118742549 		0.000000000277 		inf 
512 	0 		0.000000000000 		986645 		4.942071307641 		0.000000000018 		inf 
1024 	0 		0.000000000000 		990159 		4.959672814338 		0.000000000001 		inf 


h	in H area 		(note the default size is 1/4, the size is than 0.25/h
1	20922
2	4642
4	1011
8	221
16	48
32	15
64	5
128	3
256	1
512	1
1024	0
