Polynomial file name:     RAW_POLYNOMES

matching polynomials:     199726
not-matching polynomials: 179


S on the real line

m 	in S 		E[Sm] 			in L 		E[Lm] 			um 			em
1 	11101 		0.055581146170 		252758 		1.265523767562 		0.003905937554 		1.081313262331 
2 	7524 		0.037671610106 		339048 		1.697565664961 		0.001657778970 		1.098769175044 
4 	4134 		0.020698356749 		476059 		2.383560477855 		0.000459791759 		1.109812223537 
8 	1827 		0.009147532119 		642562 		3.217217588096 		0.000080430440 		1.106537722672 
16 	588 		0.002944033326 		788164 		3.946226330072 		0.000009397925 		1.112273107294 
32 	175 		0.000876200395 		884075 		4.426439221734 		0.000000828092 		1.100910957009 
64 	56 		0.000280384126 		938994 		4.701410932978 		0.000000061943 		1.072169648999 
128 	9 		0.000045061735 		967754 		4.845408209247 		0.000000004241 		1.110977039014 
256 	1 		0.000005006859 		982895 		4.921217067382 		0.000000000278 		1.169436391642 
512 	0 		0.000000000000 		990520 		4.959394370287 		0.000000000018 		inf 
1024 	0 		0.000000000000 		994445 		4.979046293422 		0.000000000001 		inf 



S on the imaginary line

m 	in S 		E[Sm] 			in L 		E[Lm] 			um 			em
1 	1152 		0.005767902026 		252758 		1.265523767562 		0.003905937554 		1.865134798743 
2 	742 		0.003715089673 		339048 		1.697565664961 		0.001657778970 		1.767170926424 
4 	247 		0.001236694271 		476059 		2.383560477855 		0.000459791759 		1.768646073363 
8 	37 		0.000185253798 		642562 		3.217217588096 		0.000080430440 		1.842528486146 
16 	6 		0.000030041156 		788164 		3.946226330072 		0.000009397925 		1.820497526538 
32 	0 		0.000000000000 		884075 		4.426439221734 		0.000000828092 		inf 
64 	0 		0.000000000000 		938994 		4.701410932978 		0.000000061943 		inf 
128 	0 		0.000000000000 		967754 		4.845408209247 		0.000000004241 		inf 
256 	0 		0.000000000000 		982895 		4.921217067382 		0.000000000278 		inf 
512 	0 		0.000000000000 		990520 		4.959394370287 		0.000000000018 		inf 
1024 	0 		0.000000000000 		994445 		4.979046293422 		0.000000000001 		inf 



S on the line at 45 degrees

m 	in S 		E[Sm] 			in L 		E[Lm] 			um 			em
1 	1201 		0.006013238136 		252758 		1.265523767562 		0.003905937554 		1.850723164423 
2 	664 		0.003324554640 		339048 		1.697565664961 		0.001657778970 		1.799218115479 
4 	238 		0.001191632537 		476059 		2.383560477855 		0.000459791759 		1.777325185065 
8 	44 		0.000220301813 		642562 		3.217217588096 		0.000080430440 		1.809825326013 
16 	4 		0.000020027438 		788164 		3.946226330072 		0.000009397925 		1.883128350431 
32 	0 		0.000000000000 		884075 		4.426439221734 		0.000000828092 		inf 
64 	0 		0.000000000000 		938994 		4.701410932978 		0.000000061943 		inf 
128 	0 		0.000000000000 		967754 		4.845408209247 		0.000000004241 		inf 
256 	0 		0.000000000000 		982895 		4.921217067382 		0.000000000278 		inf 
512 	0 		0.000000000000 		990520 		4.959394370287 		0.000000000018 		inf 
1024 	0 		0.000000000000 		994445 		4.979046293422 		0.000000000001 		inf 


h	in H area 		(note the default size is 1/4, the size is than 0.25/h
1	20572
2	4459
4	1084
8	267
16	62
32	13
64	6
128	2
256	0
512	0
1024	0
