Polynomial file name:     RAW_POLYNOMES

matching polynomials:     197685
not-matching polynomials: 253


S on the real line

m 	in S 		E[Sm] 			in L 		E[Lm] 			um 			em
1 	11537 		0.058360523054 		139761 		0.706988390621 		0.002182062934 		0.862994371628 
2 	7726 		0.039082378532 		235428 		1.190924956370 		0.001163012653 		0.985884085173 
4 	4494 		0.022733136050 		388481 		1.965151630119 		0.000379080176 		1.042751752111 
8 	1943 		0.009828767989 		573311 		2.900123934542 		0.000072503098 		1.073396469680 
16 	506 		0.002559627691 		736859 		3.727440119382 		0.000008876886 		1.125075400414 
32 	0 		0.000000000000 		834446 		4.221089106407 		0.000000789676 		inf 
64 	0 		0.000000000000 		885396 		4.478822368920 		0.000000059010 		inf 
128 	0 		0.000000000000 		911112 		4.608908111389 		0.000000004034 		inf 
256 	0 		0.000000000000 		922732 		4.667688494322 		0.000000000263 		inf 
512 	0 		0.000000000000 		928282 		4.695763462074 		0.000000000017 		inf 
1024 	0 		0.000000000000 		931006 		4.709542959759 		0.000000000001 		inf 



S on the imaginary line

m 	in S 		E[Sm] 			in L 		E[Lm] 			um 			em
1 	808 		0.004087310620 		139761 		0.706988390621 		0.002182062934 		1.782859601816 
2 	759 		0.003839441536 		235428 		1.190924956370 		0.001163012653 		1.655394062536 
4 	257 		0.001300048056 		388481 		1.965151630119 		0.000379080176 		1.711829554357 
8 	51 		0.000257986190 		573311 		2.900123934542 		0.000072503098 		1.760437763136 
16 	0 		0.000000000000 		736859 		3.727440119382 		0.000008876886 		inf 
32 	0 		0.000000000000 		834446 		4.221089106407 		0.000000789676 		inf 
64 	0 		0.000000000000 		885396 		4.478822368920 		0.000000059010 		inf 
128 	0 		0.000000000000 		911112 		4.608908111389 		0.000000004034 		inf 
256 	0 		0.000000000000 		922732 		4.667688494322 		0.000000000263 		inf 
512 	0 		0.000000000000 		928282 		4.695763462074 		0.000000000017 		inf 
1024 	0 		0.000000000000 		931006 		4.709542959759 		0.000000000001 		inf 



S on the line at 45 degrees

m 	in S 		E[Sm] 			in L 		E[Lm] 			um 			em
1 	1247 		0.006308015277 		139761 		0.706988390621 		0.002182062934 		1.632728780072 
2 	711 		0.003596631004 		235428 		1.190924956370 		0.001163012653 		1.674244127695 
4 	237 		0.001198877001 		388481 		1.965151630119 		0.000379080176 		1.730773269276 
8 	34 		0.000171990793 		573311 		2.900123934542 		0.000072503098 		1.836964909408 
16 	0 		0.000000000000 		736859 		3.727440119382 		0.000008876886 		inf 
32 	0 		0.000000000000 		834446 		4.221089106407 		0.000000789676 		inf 
64 	0 		0.000000000000 		885396 		4.478822368920 		0.000000059010 		inf 
128 	0 		0.000000000000 		911112 		4.608908111389 		0.000000004034 		inf 
256 	0 		0.000000000000 		922732 		4.667688494322 		0.000000000263 		inf 
512 	0 		0.000000000000 		928282 		4.695763462074 		0.000000000017 		inf 
1024 	0 		0.000000000000 		931006 		4.709542959759 		0.000000000001 		inf 


h	in H area 		(note the default size is 1/4, the size is than 0.25/h
1	21132
2	2800
4	566
8	116
16	0
32	0
64	0
128	0
256	0
512	0
1024	0
